# oST version 5.0 parameters


[image]

width
640

height
480

[narrow_stereo]

camera matrix
611.164002 0.000000 316.961007
0.000000 609.028310 247.770450
0.000000 0.000000 1.000000

distortion
0.000818 -0.120928 0.000615 0.001732 0.000000

rectification
1.000000 0.000000 0.000000
0.000000 1.000000 0.000000
0.000000 0.000000 1.000000

projection
605.543823 0.000000 317.764026 0.000000
0.000000 607.269226 248.038867 0.000000
0.000000 0.000000 1.000000 0.000000

